 RSCC and RSR=sum|r-r_calc|/sum[r+r_calc| using 2fofc map and D*Fcalc
     #   resid  segid  RSCC    1-RSCC  RSR
     1   109    A      0.858   0.142   0.316
     2   110    A      0.925   0.075   0.214
     3   111    A      0.736   0.264   0.430
     4   112    A      0.956   0.044   0.156
     5   113    A      0.926   0.074   0.203
     6   114    A      0.948   0.052   0.174
     7   115    A      0.941   0.059   0.180
     8   116    A      0.950   0.050   0.178
     9   117    A      0.911   0.089   0.226
    10   118    A      0.810   0.190   0.312
    11   119    A      0.956   0.044   0.167
    12   120    A      0.962   0.038   0.153
    13   121    A      0.958   0.042   0.153
    14   122    A      0.941   0.059   0.173
    15   123    A      0.909   0.091   0.232
    16   124    A      0.969   0.031   0.136
    17   125    A      0.915   0.085   0.222
    18   126    A      0.955   0.045   0.164
    19   127    A      0.920   0.080   0.210
    20   128    A      0.950   0.050   0.181
    21   129    A      0.911   0.089   0.217
    22   130    A      0.846   0.154   0.284
    23   131    A      0.935   0.065   0.198
    24   132    A      0.786   0.214   0.357
    25   133    A      0.928   0.072   0.199
    26   134    A      0.928   0.072   0.206
    27   135    A      0.949   0.051   0.173
    28   136    A      0.937   0.063   0.191
    29   137    A      0.928   0.072   0.204
    30   138    A      0.958   0.042   0.159
    31   139    A      0.919   0.081   0.213
    32   140    A      0.945   0.055   0.169
    33   141    A      0.922   0.078   0.221
    34   142    A      0.812   0.188   0.341
    35   143    A      0.944   0.056   0.177
    36   144    A      0.954   0.046   0.162
    37   145    A      0.871   0.129   0.290
    38   146    A      0.929   0.071   0.207
    39   147    A      0.940   0.060   0.183
    40   148    A      0.879   0.121   0.253
    41   149    A      0.890   0.110   0.240
    42   150    A      0.905   0.095   0.244
    43   151    A      0.941   0.059   0.190
    44   152    A      0.869   0.131   0.291
    45   153    A      0.919   0.081   0.231
    46   154    A      0.961   0.039   0.156
    47   155    A      0.968   0.032   0.132
    48   156    A      0.960   0.040   0.145
    49   157    A      0.959   0.041   0.151
    50   158    A      0.963   0.037   0.165
    51   159    A      0.965   0.035   0.147
    52   160    A      0.951   0.049   0.170
    53   161    A      0.966   0.034   0.138
    54   162    A      0.957   0.043   0.159
    55   163    A      0.947   0.053   0.182
    56   164    A      0.953   0.047   0.164
    57   165    A      0.967   0.033   0.137
    58   166    A      0.954   0.046   0.162
    59   167    A      0.923   0.077   0.203
    60   168    A      0.964   0.036   0.145
    61   169    A      0.802   0.198   0.301
    62   170    A      0.955   0.045   0.158
    63   171    A      0.925   0.075   0.209
    64   172    A      0.916   0.084   0.225
    65   173    A      0.944   0.056   0.168
    66   174    A      0.953   0.047   0.172
    67   175    A      0.822   0.178   0.354
    68   176    A      0.879   0.121   0.252
    69   177    A      0.813   0.187   0.306
    70   178    A      0.926   0.074   0.200
    71   179    A      0.938   0.062   0.180
    72   180    A      0.954   0.046   0.161
    73   181    A      0.963   0.037   0.145
    74   182    A      0.925   0.075   0.208
    75   183    A      0.850   0.150   0.320
    76   184    A      0.920   0.080   0.211
    77   185    A      0.915   0.085   0.205
    78   186    A      0.938   0.062   0.179
    79   187    A      0.964   0.036   0.142
    80   188    A      0.967   0.033   0.133
    81   189    A      0.907   0.093   0.236
    82   190    A      0.957   0.043   0.158
    83   191    A      0.911   0.089   0.238
    84   192    A      0.975   0.025   0.123
    85   193    A      0.955   0.045   0.160
    86   194    A      0.959   0.041   0.150
    87   195    A      0.972   0.028   0.129
    88   196    A      0.968   0.032   0.134
    89   197    A      0.956   0.044   0.156
    90   198    A      0.950   0.050   0.185
    91   199    A      0.812   0.188   0.321
    92   200    A      0.559   0.441   0.530
    93   201    A      0.746   0.254   0.381
    94   202    A      0.944   0.056   0.175
    95   203    A      0.953   0.047   0.163
    96   204    A      0.963   0.037   0.136
    97   205    A      0.938   0.062   0.190
    98   206    A      0.971   0.029   0.125
    99   207    A      0.844   0.156   0.292
   100   208    A      0.974   0.026   0.118
   101   209    A      0.959   0.041   0.153
   102   210    A      0.897   0.103   0.251
   103   211    A      0.961   0.039   0.152
   104   212    A      0.970   0.030   0.128
   105   213    A      0.965   0.035   0.136
   106   214    A      0.969   0.031   0.137
   107   215    A      0.972   0.028   0.130
   108   216    A      0.960   0.040   0.153
   109   217    A      0.893   0.107   0.231
   110   218    A      0.929   0.071   0.201
   111   219    A      0.932   0.068   0.203
   112   220    A      0.916   0.084   0.220
   113   111    B      0.695   0.305   0.434
   114   112    B      0.959   0.041   0.153
   115   113    B      0.933   0.067   0.193
   116   114    B      0.880   0.120   0.233
   117   115    B      0.747   0.253   0.348
   118   116    B      0.888   0.112   0.254
   119   117    B      0.944   0.056   0.179
   120   118    B      0.854   0.146   0.298
   121   119    B      0.944   0.056   0.184
   122   120    B      0.917   0.083   0.229
   123   121    B      0.944   0.056   0.176
   124   122    B      0.870   0.130   0.287
   125   123    B      0.879   0.121   0.280
   126   124    B      0.941   0.059   0.172
   127   125    B      0.881   0.119   0.264
   128   126    B      0.870   0.130   0.285
   129   127    B      0.882   0.118   0.286
   130   128    B      0.934   0.066   0.190
   131   129    B      0.832   0.168   0.289
   132   130    B      0.836   0.164   0.294
   133   131    B      0.894   0.106   0.253
   134   132    B      0.738   0.262   0.397
   135   133    B      0.921   0.079   0.220
   136   134    B      0.926   0.074   0.214
   137   135    B      0.929   0.071   0.197
   138   136    B      0.958   0.042   0.159
   139   137    B      0.938   0.062   0.185
   140   138    B      0.952   0.048   0.184
   141   139    B      0.878   0.122   0.268
   142   140    B      0.940   0.060   0.193
   143   141    B      0.939   0.061   0.191
   144   142    B      0.872   0.128   0.266
   145   143    B      0.924   0.076   0.195
   146   144    B      0.945   0.055   0.185
   147   145    B      0.883   0.117   0.269
   148   146    B      0.933   0.067   0.199
   149   147    B      0.904   0.096   0.238
   150   148    B      0.796   0.204   0.344
   151   149    B      0.711   0.289   0.383
   152   150    B      0.872   0.128   0.271
   153   151    B      0.859   0.141   0.273
   154   152    B      0.680   0.320   0.438
   155   153    B      0.751   0.249   0.379
   156   154    B      0.918   0.082   0.216
   157   155    B      0.959   0.041   0.153
   158   156    B      0.965   0.035   0.136
   159   157    B      0.969   0.031   0.155
   160   158    B      0.958   0.042   0.161
   161   159    B      0.943   0.057   0.178
   162   160    B      0.958   0.042   0.156
   163   161    B      0.957   0.043   0.151
   164   162    B      0.887   0.113   0.257
   165   163    B      0.934   0.066   0.195
   166   164    B      0.905   0.095   0.230
   167   165    B      0.935   0.065   0.191
   168   166    B      0.946   0.054   0.178
   169   167    B      0.864   0.136   0.275
   170   168    B      0.959   0.041   0.148
   171   169    B      0.880   0.120   0.274
   172   170    B      0.957   0.043   0.151
   173   171    B      0.935   0.065   0.199
   174   172    B      0.929   0.071   0.207
   175   173    B      0.946   0.054   0.178
   176   174    B      0.946   0.054   0.181
   177   175    B      0.805   0.195   0.339
   178   176    B      0.917   0.083   0.224
   179   177    B      0.941   0.059   0.185
   180   178    B      0.957   0.043   0.153
   181   179    B      0.959   0.041   0.157
   182   180    B      0.948   0.052   0.175
   183   181    B      0.954   0.046   0.157
   184   182    B      0.904   0.096   0.246
   185   183    B      0.840   0.160   0.336
   186   184    B      0.836   0.164   0.290
   187   185    B      0.919   0.081   0.208
   188   186    B      0.938   0.062   0.180
   189   187    B      0.916   0.084   0.207
   190   188    B      0.930   0.070   0.191
   191   189    B      0.922   0.078   0.209
   192   190    B      0.861   0.139   0.273
   193   191    B      0.703   0.297   0.433
   194   192    B      0.827   0.173   0.361
   195   193    B      0.938   0.062   0.183
   196   194    B      0.948   0.052   0.168
   197   195    B      0.979   0.021   0.125
   198   196    B      0.973   0.027   0.119
   199   197    B      0.956   0.044   0.162
   200   198    B      0.907   0.093   0.227
   201   199    B      0.730   0.270   0.417
   202   200    B      0.437   0.563   0.589
   203   201    B      0.824   0.176   0.323
   204   202    B      0.961   0.039   0.155
   205   203    B      0.925   0.075   0.216
   206   204    B      0.956   0.044   0.155
   207   205    B      0.948   0.052   0.169
   208   206    B      0.947   0.053   0.163
   209   207    B      0.889   0.111   0.260
   210   208    B      0.957   0.043   0.165
   211   209    B      0.932   0.068   0.180
   212   210    B      0.869   0.131   0.271
   213   211    B      0.949   0.051   0.169
   214   212    B      0.901   0.099   0.232
   215   213    B      0.952   0.048   0.162
   216   214    B      0.949   0.051   0.176
   217   215    B      0.958   0.042   0.170
   218   216    B      0.962   0.038   0.155
   219   217    B      0.897   0.103   0.245
   220   218    B      0.870   0.130   0.261
   221   219    B      0.795   0.205   0.335
   222   220    B      0.681   0.319   0.399
   223   1      Y      0.998   0.002   0.108
   224   2      Y      0.997   0.003   0.134
   225   3      Y      0.995   0.005   0.110
   226   4      Y      0.997   0.003   0.135
   227   1      S      0.968   0.032   0.144
   228   2      S      0.764   0.236   0.376
   229   3      S      0.944   0.056   0.254
   230   4      S      0.980   0.020   0.131
   231   5      S      0.980   0.020   0.118
   232   6      S      0.954   0.046   0.170
   233   7      S      0.912   0.088   0.186
   234   8      S      0.969   0.031   0.137
   235   9      S      0.988   0.012   0.090
   236   10     S      0.970   0.030   0.128
   237   11     S      0.984   0.016   0.094
   238   12     S      0.888   0.112   0.248
   239   13     S      0.928   0.072   0.208
   240   14     S      0.692   0.308   0.443
   241   15     S      0.966   0.034   0.157
   242   16     S      0.959   0.041   0.155
   243   17     S      0.908   0.092   0.260
   244   18     S      0.966   0.034   0.178
   245   19     S      0.942   0.058   0.255
   246   20     S      0.948   0.052   0.174
   247   21     S      0.813   0.187   0.341
   248   22     S      0.965   0.035   0.138
   249   23     S      0.957   0.043   0.186
   250   24     S      0.981   0.019   0.116
   251   25     S      0.940   0.060   0.170
   252   26     S      0.972   0.028   0.134
   253   27     S      0.887   0.113   0.251
   254   28     S      0.899   0.101   0.274
   255   29     S      0.952   0.048   0.212
   256   30     S      0.938   0.062   0.218
   257   31     S      0.952   0.048   0.183
   258   32     S      0.970   0.030   0.200
   259   33     S      0.941   0.059   0.183
   260   34     S      0.909   0.091   0.220
   261   35     S      0.965   0.035   0.155
   262   36     S      0.937   0.063   0.197
   263   37     S      0.849   0.151   0.286
   264   38     S      0.953   0.047   0.222
   265   39     S      0.901   0.099   0.295
   266   40     S      0.835   0.165   0.284
   267   41     S      0.945   0.055   0.219
   268   42     S      0.937   0.063   0.209
   269   43     S      0.813   0.187   0.344
   270   44     S      0.943   0.057   0.192
   271   45     S      0.861   0.139   0.286
   272   46     S      0.886   0.114   0.266
   273   47     S      0.900   0.100   0.239
   274   48     S      0.851   0.149   0.323
   275   49     S      0.934   0.066   0.184
   276   50     S      0.854   0.146   0.281
   277   51     S      0.886   0.114   0.255
   278   52     S      0.888   0.112   0.275
   279   53     S      0.923   0.077   0.221
   280   54     S      0.917   0.083   0.225
   281   55     S      0.917   0.083   0.226
   282   56     S      0.941   0.059   0.174
   283   57     S      0.915   0.085   0.215
   284   58     S      0.952   0.048   0.178
   285   59     S      0.961   0.039   0.209
   286   60     S      0.903   0.097   0.225
   287   61     S      0.896   0.104   0.258
   288   62     S      0.854   0.146   0.276
   289   63     S      0.946   0.054   0.162
   290   64     S      0.827   0.173   0.324
   291   65     S      0.913   0.087   0.213
   292   66     S      0.810   0.190   0.317
   293   67     S      0.909   0.091   0.214
 average RSR value = 0.216062  sigma = 7.548423E-02
