1 2 79.431
1 3 79.3328
1 4 78.474
1 5 79.7789
1 6 79.6995
1 7 71.7535
1 8 27.4264
1 9 27.7777
1 10 24.0198
2 3 1.03243
2 4 2.91074
2 5 1.24253
2 6 1.09146
2 7 17.4436
2 8 83.0038
2 9 84.9694
2 10 85.2067
3 4 2.82429
3 5 1.5574
3 6 1.36618
3 7 17.6413
3 8 82.977
3 9 84.9442
3 10 85.1105
4 5 3.89803
4 6 3.72455
4 7 17.3358
4 8 81.7382
4 9 83.7647
4 10 84.1311
5 6 0.562385
5 7 17.6936
5 8 83.4976
5 9 85.4342
5 10 85.5601
6 7 17.6637
6 8 83.4106
6 9 85.3509
6 10 85.4777
7 8 74.0236
7 9 76.3681
7 10 79.4292
8 9 5.00846
8 10 36.5775
9 10 36.113
