! fast direct rotation search:
! target= E2E2   bins= 10
! coarse angular grid= 18.8137
! maximum number of coarse grid peaks analysed= 20
! at resolution: 15 - 4 A
! extent of search: automatic
! angular grid= 3.76273    nlist= 1000  cluster_threshold= 10
! sg= P2(1)2(1)2(1) a= 65.508 b= 72.216 c= 45.035 alpha= 90 beta= 90 gamma= 90
! molecular structure file: mbp_cns.mtf
! input coordinates: mbp_cns.pdb
! reflection file= mbp_mr.hkl
! reflections with |Fobs|/sigma_F < 0.0 rejected
! reflections with |Fobs| > 1000 * rms(Fobs) rejected
! theoretical total number of refl. in resol. range:      3420 ( 100.0 % )
! number of unobserved reflections (no entry or |F|=0):      4 (   0.1 % )
! number of reflections rejected:                            0 (   0.0 % )
! total number of reflections used:                       3416 (  99.9 % )
 ! index, theta1, theta2, theta3, RF-function (EPSIlon= 0.25)
      1    64.427  78.712  76.969    0.0799
      5    64.452  56.212  47.265    0.0631
      7    71.036  63.737  31.274    0.0554
      8   223.333  90.000 210.105    0.0525
      9    64.567  48.686  83.381    0.0509
     10    54.000  78.788 324.814    0.0505
     11    42.219  67.500  45.981    0.0501
     13   164.255  -3.763 183.069    0.0494
     15    54.896  75.025 313.167    0.0490
     16    53.619  82.551  47.347    0.0478
     17    66.667  74.949  85.480    0.0478
     18   299.677  93.763 206.989    0.0466
     19    72.167  86.237  25.896    0.0464
     21    76.073  74.949  76.073    0.0461
     22    79.409  67.500  83.172    0.0461
     24    74.235  71.263  93.049    0.0456
     25    69.355  82.475  50.541    0.0451
     26    59.625  90.000  38.438    0.0450
     28    33.013  75.025  51.827    0.0448
     30   242.958  90.000 101.021    0.0445
     33    65.000 105.051   6.186    0.0438
     35   186.233  18.737 205.047    0.0434
     38   183.069 -15.051 164.255    0.0432
     39    81.290  59.974  71.883    0.0432
     40    63.979  90.000  66.667    0.0431
     41    41.719  59.974 257.719    0.0431
     42    34.664  59.974 269.478    0.0431
     43    66.667  93.763  47.853    0.0427
     44    43.432  75.025   7.432    0.0426
     46    52.368  71.263  12.606    0.0423
     47    63.119  71.186  26.881    0.0423
     48    45.952  71.263 258.189    0.0419
     49    44.100  63.737  62.914    0.0418
     50    85.471  48.686  66.657    0.0417
     51    63.407  52.449 296.593    0.0416
     56    44.593  59.974 315.407    0.0410
     57   223.333  90.000 199.354    0.0406
     59    81.261  59.974 287.854    0.0405
     60    55.858  59.974  37.045    0.0405
     62    85.494  67.500 297.731    0.0403
     63    50.656  63.737 262.893    0.0402
     66    86.375   3.763 105.189    0.0391
     67    53.036  71.263  49.274    0.0391
     68    71.883  52.449  90.697    0.0388
     70    75.923  11.288  94.737    0.0386
     71   229.520  74.949  98.334    0.0385
     73   259.084  82.475  90.270    0.0384
     75    48.135  63.737  30.949    0.0382
     76    76.015  37.474  69.743    0.0381
     77    38.322  82.551 302.864    0.0381
     78    55.191  67.500   0.377    0.0379
     79    46.385  82.551 310.927    0.0379
     80   250.408  78.788 159.594    0.0378
     83    78.562  56.212  33.155    0.0377
     84   229.354  75.025 169.897    0.0377
     86    36.597  82.551  42.868    0.0375
     88   290.718  97.526 203.406    0.0373
     89    65.000  71.186  43.814    0.0373
     90    97.337  63.814  86.048    0.0370
     93    51.648  52.449 322.462    0.0362
     94    62.312  90.000  25.000    0.0361
     96    33.096  78.788 261.639    0.0350
     97   242.958  97.526  84.895    0.0350
     98   209.223 108.814 191.963    0.0350
     99    55.379 108.814  74.192    0.0349
    102    41.076  78.788  59.890    0.0346
    103   238.313  82.551 166.313    0.0346
    105    82.701  63.737  93.989    0.0342
    107   160.074 -11.288 178.888    0.0340
    110    55.881  67.500 304.119    0.0336
    111    64.751  75.025 297.937    0.0336
    112    22.181  41.237  15.910    0.0336
    113    38.845  48.686 264.252    0.0336
    114   230.948  86.237 191.739    0.0336
    116   261.324  93.763  97.885    0.0335
    117   107.187  86.237  23.459    0.0334
    119   245.198  86.237  82.655    0.0332
    120    69.743  41.237  88.557    0.0332
    121   285.343  78.712 207.885    0.0331
    122   151.713  -3.763 170.526    0.0329
    123    41.080  67.500  23.894    0.0327
    125    63.589  86.314   8.776    0.0326
    126    62.477  67.500  81.290    0.0326
    127    82.286  41.237  88.557    0.0325
    129   117.042  90.000  24.354    0.0323
    130    52.839  56.212 358.025    0.0323
    132    58.703  56.212 310.704    0.0323
    133    53.676  74.949  66.219    0.0322
    135   189.340 -18.814 170.526    0.0320
    138   248.616  86.314 182.887    0.0318
    140    71.883  86.314  71.883    0.0318
    142    79.581  86.314 295.581    0.0316
    143   248.325  67.500 165.036    0.0316
    144   222.885  86.237 183.676    0.0315
    145   170.526  -3.763 189.340    0.0315
    146   218.854  78.712 198.458    0.0315
    148    34.664  71.263 269.478    0.0314
    149   233.188  97.526 193.083    0.0313
    150    51.126  56.212 276.533    0.0313
    151    18.941  63.814   7.652    0.0311
    152   241.166  78.712  97.438    0.0309
    154    93.020  59.974 290.206    0.0306
    157    52.458 101.288  31.271    0.0301
    160   184.143  30.026 202.956    0.0298
    161    70.375  78.712  11.562    0.0296
    162   223.334  71.186 215.480    0.0295
    163    94.281  82.551  81.738    0.0293
    164    27.638  56.212  46.452    0.0293
    166    47.853  86.237  66.667    0.0290
    171    59.748  56.212  14.341    0.0285
    173    90.556  11.288 109.370    0.0284
    175    56.090  48.686  38.904    0.0283
    176    49.297  67.500 320.111    0.0282
    177    56.812  97.526  70.250    0.0282
    178   288.926 105.051 217.740    0.0281
    179   188.323   3.686 207.137    0.0280
    181   118.834  78.712  22.563    0.0279
    182    76.994  75.025  34.723    0.0278
    183   291.614  86.237 201.614    0.0278
    184    45.784  59.974   9.784    0.0276
    185    73.063  90.000  35.751    0.0276
    186    46.534  78.788 275.077    0.0275
    189   264.459  74.949  95.645    0.0272
    192   196.685  37.551 190.414    0.0271
    193    87.039  48.686  77.632    0.0271
    194   205.047  41.314 198.775    0.0271
    196    34.693  59.974  53.507    0.0270
    197   205.047  26.263 186.233    0.0270
    199   309.084  90.000 211.021    0.0270
    200    25.316  48.763  25.316    0.0268
    202   130.481  86.237  21.666    0.0267
    204   301.021  90.000 219.084    0.0265
    205    42.868  75.025  36.597    0.0264
    206    66.543  75.025 312.271    0.0264
    207    53.507  71.263  34.693    0.0262
    208    51.126  52.449 267.126    0.0261
    209    51.648  56.212 303.648    0.0261
    210    90.556  -3.763 109.370    0.0260
    211    85.480  74.949  66.667    0.0258
    212    27.407  29.949  27.407    0.0258
    213    40.180  86.314  33.909    0.0257
    215    46.004  71.263 309.292    0.0255
    218   160.074   3.763 178.888    0.0250
    221   168.436   7.525 187.249    0.0247
    222    45.522  48.686   9.522    0.0247
    223    27.407  56.288   8.593    0.0246
    224    70.900  71.186  67.137    0.0246
    225    72.615  74.949  20.073    0.0246
    226    54.697  78.712  27.240    0.0244
    228   200.866  18.737 182.052    0.0244
    229   226.155 108.814 190.082    0.0244
    231   259.665  48.686 168.851    0.0243
    233    70.462  67.500 303.648    0.0242
    234    62.885  59.974 269.478    0.0241
    235    82.194  11.288 101.008    0.0241
    236    51.562  90.000  30.375    0.0240
    239    58.703  71.263 291.890    0.0238
    240    83.814  82.475  25.000    0.0236
    241    72.325  67.500 292.087    0.0233
    242   194.595  14.975 175.781    0.0232
    243    89.361  48.686 295.954    0.0232
    244   222.863 108.814 200.900    0.0231
    245    68.633  48.686 301.819    0.0230
    246    50.566  82.551 260.295    0.0230
    247    70.988  86.314  83.530    0.0230
    248   295.646  97.526 192.207    0.0229
    249   107.635  97.526  25.698    0.0229
    250   102.260  78.712  12.260    0.0229
    251   122.418  86.237  13.604    0.0229
    252   261.494  63.737 170.680    0.0229
    253    27.638  86.314  46.452    0.0229
    254   239.459  78.712 193.979    0.0227
    255   226.219  86.314 173.032    0.0227
    257   291.278  71.186 220.092    0.0226
    258    78.939  52.449  97.752    0.0226
    259    96.396  52.526  77.582    0.0225
    260   303.261  86.237 200.718    0.0224
    262    82.793 105.051  69.354    0.0223
    263    70.644 108.814  30.644    0.0222
    265    77.060  29.949  77.060    0.0221
    266    63.979 105.051  50.541    0.0221
    268   170.526 -18.814 151.713    0.0220
    269    58.703  59.974 291.890    0.0220
    270    53.104  82.551 298.833    0.0220
    271   260.710  78.788 176.168    0.0220
    272    41.980  48.686 303.387    0.0220
    273   212.582  97.526 188.604    0.0220
    275    81.000  48.686 287.593    0.0218
    276   101.099  45.000  82.286    0.0218
    277    67.352 108.814  41.462    0.0218
    278    69.155  52.449  33.155    0.0217
    279   257.740  71.186  88.926    0.0215
    280    50.541 105.051  63.979    0.0214
    281   235.092 108.814 203.722    0.0212
    282   216.278  71.186 208.425    0.0211
    283    96.919  37.474  78.105    0.0211
    284    83.612  63.737 318.427    0.0211
    285   180.978  15.051 162.165    0.0211
    286    10.004  63.814  21.292    0.0210
    287    50.341  52.449  33.155    0.0209
    288    54.000  52.449 287.186    0.0209
    289    33.909  48.686  52.723    0.0208
    290    68.483  78.788  32.483    0.0208
    291    92.853  93.763  21.667    0.0206
    292   258.471  75.025 167.657    0.0205
    294    83.612  78.788 318.427    0.0204
    295    56.300  71.263 276.062    0.0201
    296   213.927 105.051 206.073    0.0199
    297    88.345  59.974  78.939    0.0199
    298   249.229  82.475 105.500    0.0198
    299    76.073 108.814  76.073    0.0197
    300    83.613  82.551 280.799    0.0197
    301    84.957  78.788 300.957    0.0197
    302    57.740  63.737  53.977    0.0197
    303    36.713  75.025  19.526    0.0197
    307    55.830  56.212 253.016    0.0193
    308   297.886  78.712 195.343    0.0193
    311   209.228  18.737 190.414    0.0193
    312    61.200  48.686   6.387    0.0190
    317    90.697  86.314  90.697    0.0183
    318    18.000  41.237  36.814    0.0183
    319    98.664  67.500 303.375    0.0182
    325   102.260  71.186  31.074    0.0177
    327    44.071  67.500 278.885    0.0176
    328    82.286  26.186  63.472    0.0174
    329   306.396 105.051 219.084    0.0174
    331    85.322  75.025  85.322    0.0171
    332    35.701  86.314  54.515    0.0170
    333    89.884  86.314 312.155    0.0170
    334    74.730  74.949  55.916    0.0170
    335   116.841  71.186  30.603    0.0169
    336    41.301  63.737 304.589    0.0168
    337   111.667  74.949  40.480    0.0168
    338    53.228  93.763  61.291    0.0168
    339   106.291  82.475  35.105    0.0168
    340    15.648  56.288  25.055    0.0167
    342    10.684  29.949  10.684    0.0166
    343    96.827 -15.051  78.013    0.0165
    344   111.667 108.814  40.480    0.0164
    345   153.803  18.814 172.617    0.0164
    347    84.135  48.686 309.542    0.0162
    348   117.311 108.814  27.311    0.0162
    349   298.333  97.526 227.147    0.0161
    350    48.359  82.551  18.631    0.0161
    351   260.876  82.475 104.604    0.0160
    352    35.163  67.500  38.926    0.0160
    353    61.526  63.737 317.288    0.0159
    355   108.531  93.763  37.345    0.0159
    356   245.032  56.212 173.032    0.0158
    359    74.730  90.000  55.916    0.0155
    361   204.520 101.288 196.666    0.0150
    362    64.785 108.814  64.785    0.0150
    363   216.614  74.949 189.947    0.0148
    364    81.290  67.500  62.477    0.0147
    365    46.186 108.814  25.000    0.0146
    367   111.667 108.814   2.853    0.0145
    368    92.646 -18.814 111.460    0.0145
    369    32.633  26.186  13.819    0.0142
    370   153.803   7.525 172.617    0.0141
    371    55.858  48.686  55.858    0.0141
    372   235.626  56.212 163.626    0.0140
    373     7.548  37.474  26.362    0.0139
    374    64.104  97.526  32.167    0.0139
    376    67.472  48.686  12.658    0.0134
    377   245.198  74.949  82.655    0.0133
    378   101.099  29.949  82.286    0.0133
    379    44.100  56.212  53.507    0.0132
    380   237.036  67.500 176.325    0.0131
    381    74.206  78.788 290.206    0.0131
    382    70.126  86.314 303.312    0.0128
    384    71.883  56.212  71.883    0.0126
    385   177.872  22.500 196.685    0.0125
    388   279.520 101.288 208.333    0.0123
    389   105.189  18.814  86.375    0.0123
    390   128.129  71.186  19.315    0.0122
    392   302.365  82.475 212.365    0.0118
    393    81.126 105.051  27.688    0.0116
    394    72.814  56.212 306.000    0.0116
    395   231.594  78.788 178.408    0.0113
    396    50.341  48.686  23.748    0.0109
    397   290.270  82.475 219.084    0.0109
    398    82.717  75.025 292.446    0.0109
    399    80.195  26.186  99.009    0.0108
    400    71.834  26.186  90.647    0.0107
    401    44.593  75.025 296.593    0.0107
    402     5.458  26.186  24.271    0.0106
    404   245.032  48.686 154.219    0.0106
    405    50.342  48.686 311.749    0.0101
    408    75.751  90.000  16.937    0.0099
    410   290.338 108.814 205.041    0.0098
    411   234.084  93.763 204.730    0.0096
    413   254.439  48.686 182.439    0.0094
    414   114.355  74.949   5.541    0.0093
    415   213.927  93.763 206.073    0.0091
    416   190.414  30.026 209.228    0.0091
    419   113.550  15.051  94.737    0.0087
    420    76.074 105.051  57.260    0.0087
    421   308.681 108.814 209.274    0.0087
    422   290.808  71.186 197.045    0.0087
    423    18.000  56.288  36.814    0.0087
    425    56.688  86.314 289.874    0.0084
    426   298.333 108.814 227.147    0.0084
    427   179.962  41.314 198.776    0.0081
    429   118.834 101.288  20.771    0.0079
    431    35.336  86.314 270.150    0.0079
    432    13.297  56.288   3.890    0.0077
    433    76.210  56.212  21.396    0.0077
    434    34.025  56.212  16.839    0.0077
    436    48.774  86.314 283.588    0.0076
    437   252.087  59.974 180.087    0.0076
    438   310.876  97.526 202.062    0.0075
    439   194.595   3.686 213.408    0.0075
    440   240.851  48.686 187.665    0.0074
    441    95.541  74.949  24.355    0.0074
    442   170.526  18.814 189.340    0.0073
    443    15.648  52.526  15.648    0.0073
    444    60.396  86.237  54.124    0.0072
    445   117.938 101.288   9.124    0.0072
    446   230.053  82.475 203.386    0.0070
    448    88.786  71.263 308.549    0.0066
    449    89.353  86.314  70.540    0.0060
    450    92.738  29.949  73.924    0.0058
    452   211.318  30.026 192.504    0.0056
    453   239.806  48.686 167.806    0.0056
    454    91.676  86.314 288.862    0.0056
    455    83.613  71.263 280.799    0.0053
    456    22.181  41.237   3.367    0.0053
    457    83.613  59.974 309.020    0.0051
    458   100.336  48.686 297.522    0.0050
    460    42.271  48.686  61.084    0.0046
    463    63.845  71.186  60.082    0.0044
    464   300.125  74.949 203.854    0.0044
    465   102.427  78.788 299.613    0.0042
    467   238.384 108.814 192.904    0.0038
    468   204.520  71.186 196.666    0.0034
    470    24.585  63.814  20.822    0.0033
    471    86.375 -11.288 105.189    0.0033
    472   111.219  86.237   8.676    0.0032
    473    95.371  71.263 292.557    0.0031
    475   194.595  14.975 213.408    0.0030
    476   288.926  93.763 217.740    0.0027
    477    39.367  86.314 255.368    0.0026
    478   103.604  93.763  10.916    0.0025
    479    11.729  29.949  30.543    0.0025
    480   317.147  82.475 208.333    0.0020
    481   254.605  97.526  85.791    0.0020
    482   242.147  93.763 196.667    0.0020
    483   234.580  48.686 181.394    0.0019
    484    11.729  45.000  30.543    0.0017
    485    55.526  86.314   0.713    0.0015
    486    60.719  86.314 312.719    0.0015
    487   234.622  71.186 204.192    0.0014
    491    78.237  86.314 313.051    0.0004
    492   226.626  71.186 188.671    0.0003
    493   213.478  86.237 193.083    0.0002
    494   194.595  37.551 175.781   -0.0002
    495   186.233  41.314 205.047   -0.0006
    496   252.087  52.449 161.274   -0.0016
    497    82.194 -18.814 101.008   -0.0017
    499   102.260 105.051  31.074   -0.0019
    500   359.186  37.474  18.000   -0.0019
    501   110.323  74.949  20.323   -0.0024
    502   121.074  71.186  12.260   -0.0024
    503   309.621  71.186 215.859   -0.0029
    504   304.605 105.051 195.791   -0.0039
    505    44.071  48.686 250.664   -0.0056
    506   194.595  37.551 213.408   -0.0057
    507    58.415 108.814  27.822   -0.0059
    508   237.583  90.000  90.270   -0.0061
    509   293.630 108.814 194.223   -0.0063
    510   130.481 101.288  21.666   -0.0063
    511   226.219  63.737 173.032   -0.0067
    512   359.186  63.814  18.000   -0.0067
    513   240.329  59.974 187.142   -0.0074
    514     3.367  48.763  22.181   -0.0075
    515   301.469  78.712 224.011   -0.0077
    516   117.042 101.288  35.105   -0.0079
    517   117.938  86.237  34.209   -0.0082
    518   109.427 105.051  11.364   -0.0087
    519   175.781  33.788 194.595   -0.0089
    520    26.362  29.949   7.548   -0.0092
    521   284.895  90.000 208.333   -0.0093
    522   155.893 -18.814 174.707   -0.0096
    523    34.025  86.314  16.839   -0.0096
    524   103.671 108.814  18.374   -0.0104
    525   311.772  74.949 202.958   -0.0119
    526   204.520  90.000 196.666   -0.0119
    527    92.853 105.051  21.667   -0.0140
    528   198.776  30.026 179.962   -0.0204
    529    93.019  56.212 309.020   -0.0239
    530   226.219  48.686 173.032   -0.0266
