! fast direct rotation search:
! target= E2E2   bins= 10
! coarse angular grid= 12.3224
! maximum number of coarse grid peaks analysed= 20
! at resolution: 15.0 - 4. A
! extent of search: automatic
! angular grid= 2.46449    nlist= 1000  cluster_threshold= 10
! sg= P2(1) a= 44.144 b= 164.69 c= 70.17 alpha= 90 beta= 108.50 gamma= 90
! molecular structure file: fab2hfl.mtf
! input coordinates: fab2hfl.pdb
! reflection file= fab2hfl.fob
! reflections with |Fobs|/sigma_F < 0.0 rejected
! reflections with |Fobs| > 10 * rms(Fobs) rejected
! theoretical total number of refl. in resol. range:      7895 ( 100.0 % )
! number of unobserved reflections (no entry or |F|=0):   1671 (  21.2 % )
! number of reflections rejected:                            0 (   0.0 % )
! total number of reflections used:                       6224 (  78.8 % )
 ! index, theta1, theta2, theta3, RF-function (EPSIlon= 0.25)
      1   261.625  38.571 345.733    0.0676
      4   254.631  41.036 178.738    0.0597
      5   254.197  91.369 177.803    0.0584
      6   265.733  33.642 333.410    0.0579
      7   254.048  35.572   1.726    0.0566
     10   273.929  33.108 141.607    0.0541
     11    68.381  48.964   2.219    0.0530
     13   168.920  41.036 244.813    0.0513
     14   228.869  25.714   1.191    0.0509
     15   251.309  23.250 358.987    0.0496
     16    78.640  79.607  38.640    0.0486
     17   357.292  15.322 249.614    0.0483
     18   265.715  33.108 158.037    0.0474
     19   255.785  74.678 179.893    0.0469
     20   254.631  31.178 186.953    0.0462
     23   254.973  50.894 181.134    0.0448
     24   256.149  48.429 348.471    0.0447
     25   265.120  77.143   5.120    0.0446
     26   264.240  77.143  16.562    0.0444
     27   168.920  33.642 236.598    0.0442
     28   192.008  51.429  42.008    0.0442
     29   259.524  28.179   7.202    0.0439
     30   351.816   5.464 244.138    0.0434
     31   259.839  69.749  12.161    0.0432
     32    81.454  51.429 321.454    0.0431
     33    82.233  88.631  20.486    0.0431
     34   268.377  51.429 328.377    0.0429
     35   249.603  41.036 333.711    0.0427
     36   244.317  99.584 157.361    0.0426
     37   266.000  64.820 353.678    0.0423
     38    74.604  77.678  21.073    0.0420
     39    63.075  61.286  15.398    0.0415
     42   177.135  28.713 244.813    0.0407
     43   258.738  50.894 166.416    0.0405
     44   186.531  48.964  36.531    0.0404
     45   257.492  87.001   5.707    0.0403
     46   260.557  28.713 328.234    0.0398
     47   241.090  80.416 174.671    0.0398
     48   151.765  17.786 284.087    0.0398
     49    65.438  74.678  37.760    0.0396
     51   192.692  39.106  46.800    0.0391
     52   264.880  77.143 184.880    0.0386
     53   264.364  50.894 356.686    0.0385
     54     1.400   0.535 253.722    0.0381
     55   253.678  72.214   6.000    0.0379
     56     5.507  20.251 233.185    0.0379
     57    93.675  85.892  19.606    0.0378
     58   245.491  88.631 166.749    0.0374
     59   253.317  77.678 191.005    0.0370
     60   201.010  61.286  43.617    0.0364
     62   256.544  99.584 183.670    0.0362
     64    93.091  46.500 320.770    0.0359
     65    71.185  46.500 323.507    0.0359
     66    80.766  96.846  27.234    0.0358
     69   248.572  38.037  20.893    0.0353
     70   266.000  89.465  14.801    0.0352
     71   242.560  38.037 358.453    0.0349
     72   249.598  77.678 162.642    0.0347
     74   170.974  50.894 250.974    0.0347
     75    68.607  64.820  31.071    0.0346
     76   267.768  23.250 147.768    0.0343
     77   153.134   0.535 285.456    0.0341
     78   246.667  13.392 354.345    0.0340
     79   249.603  48.429 341.926    0.0340
     80    92.208  99.584  28.114    0.0336
     81   237.863 102.322 172.030    0.0336
     83    12.352  25.180 240.031    0.0332
     84   259.379  69.749 191.701    0.0328
     85   255.315  28.713 175.315    0.0328
     86    57.838  61.286   5.231    0.0326
     87   268.464  67.285  15.858    0.0326
     89   157.241  22.715 264.919    0.0326
     90    61.877  39.106   5.985    0.0325
     91   263.946  82.072 355.732    0.0324
     92   269.233  53.893 316.910    0.0323
     93   261.946  82.072 173.732    0.0319
     95   278.474  63.751 326.152    0.0316
     96    88.322  84.536  36.000    0.0316
     97    73.376  61.286 315.840    0.0315
     98    99.249  94.107  21.073    0.0314
     99   266.152  58.822 338.474    0.0313
    100   244.464  13.392  16.786    0.0313
    101    87.615  39.106 315.293    0.0312
    102   275.317  41.036 342.995    0.0311
    103    63.075  53.893 356.914    0.0311
    104   235.515  88.631 173.204    0.0309
    105   182.834  61.286  40.228    0.0309
    106    72.317  56.358   6.156    0.0308
    108   261.536  64.820 174.142    0.0307
    110    84.580  80.416  14.618    0.0306
    111   276.686  50.894 344.364    0.0305
    112   274.215  79.607  10.107    0.0304
    113   235.714  18.321 343.392    0.0304
    114   256.130  28.179 148.452    0.0301
    115   264.000  79.607 196.322    0.0299
    116   257.424  88.631 186.898    0.0296
    117   157.242  17.786 289.564    0.0293
    118   201.934  48.964  45.773    0.0292
    119    76.938  46.500   4.615    0.0291
    121   166.182  43.500 233.859    0.0290
    122   268.322  41.036 176.000    0.0288
    124    91.328 102.322  16.672    0.0287
    125    86.930  61.286 314.608    0.0286
    126   239.822  35.572 347.500    0.0285
    128   277.276  41.571 324.954    0.0282
    131   195.773  58.822  33.451    0.0275
    133   166.825  25.180 274.503    0.0270
    134   276.934  51.429 330.773    0.0270
    135   276.562  89.465   7.760    0.0268
    136    77.760  89.465  46.562    0.0264
    137   275.242  67.285   2.920    0.0264
    139   192.692  39.106  30.370    0.0261
    141    80.769  63.751 333.092    0.0259
    142   268.452  38.037 136.130    0.0258
    144   253.218  64.820 185.540    0.0253
    145    80.621  67.285  28.298    0.0253
    146   160.705  31.178 253.028    0.0252
    147    82.138  51.429 309.816    0.0246
    148   272.802  89.465 187.520    0.0246
    149   258.869  13.392 151.191    0.0245
    150   228.869  13.392   1.191    0.0243
    151    16.460  15.322 244.138    0.0243
    152   240.210  80.416 161.468    0.0240
    153   271.041  84.536 178.719    0.0238
    154   183.108  41.571  45.430    0.0236
    155   155.228  26.249 247.551    0.0235
    156   144.919   7.928 277.241    0.0235
    157    76.662  39.106 312.554    0.0235
    160   266.768  63.751 319.375    0.0234
    161    88.322  72.214  36.000    0.0231
    162   267.760  89.465   2.479    0.0229
    163    74.608  61.286 326.930    0.0228
    164   171.658  50.894 239.336    0.0222
    165   223.392  28.179 355.714    0.0216
    166   157.967  48.429 250.289    0.0216
    167   276.686  26.249 344.364    0.0214
    168   268.929  64.820 191.393    0.0213
    169   248.036  99.584 171.642    0.0212
    170   243.678  43.500 176.000    0.0211
    171   174.397  41.036 250.289    0.0209
    172   256.910  56.358 329.233    0.0207
    174   276.322  77.143 184.000    0.0205
    175   265.715  13.392 158.037    0.0205
    176    99.249  77.678  21.073    0.0205
    177   188.072  61.286  50.394    0.0203
    178    90.627  61.286 323.234    0.0199
    179    81.939  99.584  17.846    0.0198
    180    85.753  77.678  24.007    0.0197
    181    63.246  48.964  15.569    0.0196
    182    70.777  63.751 358.454    0.0193
    183   231.995  77.678 169.683    0.0189
    184    76.308  69.749  38.772    0.0189
    185   244.317  94.107 182.005    0.0185
    187   270.161  69.749 177.839    0.0179
    188   243.678  28.713 176.000    0.0176
    190    80.769  51.429 333.092    0.0151
    193    64.615  39.106  16.938    0.0135
    194    52.293  41.571   4.615    0.0131
    196    67.492  84.536  35.707    0.0118
    197    64.615  63.751 352.293    0.0118
    198   265.714  20.785 133.392    0.0104
    199   265.639 102.322 178.683    0.0100
    201    76.000  74.678  48.322    0.0086
    202   257.425 102.322 170.468    0.0078
    203   237.276  94.107 164.402    0.0076
    204    79.521  89.465  34.239    0.0065
    205    80.769  39.106 333.092    0.0029
    207   260.894  18.321   8.572   -0.0028
